9 1
10 1
13 1
32 1
33 2
34 3
37 4
38 5
39 6
40 7
41 8
42 9
43 10
44 11
45 12
46 13
47 14
48 15
49 16
50 16
51 16
52 16
53 16
54 16
55 16
56 16
57 16
58 17
59 18
60 19
61 20
62 21
65 22
66 23
67 24
68 25
69 26
70 27
71 22
72 28
73 29
74 22
75 22
76 30
77 22
78 31
79 22
80 32
81 22
82 33
83 34
84 35
85 22
86 36
87 22
88 22
89 22
90 22
91 37
93 38
94 39
98 40
99 41
100 42
101 43
102 44
104 45
105 46
108 47
110 48
112 49
114 50
115 51
116 52
118 53
123 54
124 55
125 56
126 57
9 1
10 1
13 1
32 1
61 58
9 59
32 60
33 59
34 61
35 59
36 59
37 59
38 59
39 59
40 59
41 59
42 59
43 59
44 59
45 59
46 59
47 59
48 59
49 59
50 59
51 59
52 59
53 59
54 59
55 59
56 59
57 59
58 59
59 59
60 59
61 59
62 59
63 59
64 59
65 59
66 59
67 59
68 59
69 59
70 59
71 59
72 59
73 59
74 59
75 59
76 59
77 59
78 59
79 59
80 59
81 59
82 59
83 59
84 59
85 59
86 59
87 59
88 59
89 59
90 59
91 59
92 59
93 59
94 59
95 59
96 59
97 59
98 59
99 59
100 59
101 59
102 59
103 59
104 59
105 59
106 59
107 59
108 59
109 59
110 59
111 59
112 59
113 59
114 59
115 59
116 59
117 59
118 59
119 59
120 59
121 59
122 59
123 59
124 59
125 59
126 59
161 59
162 59
163 59
164 59
165 59
166 59
167 59
168 59
169 59
170 59
171 59
172 59
173 59
174 59
175 59
176 59
177 59
178 59
179 59
180 59
181 59
182 59
183 59
184 59
185 59
186 59
187 59
188 59
189 59
190 59
191 59
192 59
193 59
194 59
195 59
196 59
197 59
198 59
199 59
200 59
201 59
202 59
203 59
204 59
205 59
206 59
207 59
208 59
209 59
210 59
211 59
212 59
213 59
214 59
215 59
216 59
217 59
218 59
219 59
220 59
221 59
222 59
223 59
224 59
225 59
226 59
227 59
228 59
229 59
230 59
231 59
232 59
233 59
234 59
235 59
236 59
237 59
238 59
239 59
240 59
241 59
242 59
243 59
244 59
245 59
246 59
247 59
248 59
249 59
250 59
251 59
252 59
253 59
254 59
255 59
38 62
48 63
49 63
50 63
51 63
52 63
53 63
54 63
55 63
56 63
57 63
65 63
66 63
67 63
68 63
69 63
70 63
71 63
72 63
73 63
74 63
75 63
76 63
77 63
78 63
79 63
80 63
81 63
82 63
83 63
84 63
85 63
86 63
87 63
88 63
89 63
90 63
97 63
98 63
99 63
100 63
101 63
102 63
103 63
104 63
105 63
106 63
107 63
108 63
109 63
110 63
111 63
112 63
113 63
114 63
115 63
116 63
117 63
118 63
119 63
120 63
121 63
122 63
43 64
61 65
45 66
61 67
42 68
47 69
46 70
48 16
49 16
50 16
51 16
52 16
53 16
54 16
55 16
56 16
57 16
120 71
46 70
48 16
49 16
50 16
51 16
52 16
53 16
54 16
55 16
56 16
57 16
60 72
61 73
61 74
62 75
61 76
62 77
48 22
49 22
50 22
51 22
52 22
53 22
54 22
55 22
56 22
57 22
65 22
66 22
67 22
68 22
69 22
70 22
71 22
72 22
73 22
74 22
75 22
76 22
77 22
78 22
79 22
80 22
81 22
82 22
83 22
84 22
85 22
86 22
87 22
88 22
89 22
90 22
95 22
48 78
49 78
50 22
51 22
52 22
53 22
54 22
55 22
56 22
57 22
65 22
66 22
67 22
68 22
69 22
70 22
71 22
72 22
73 79
74 22
75 22
76 22
77 22
78 22
79 22
80 22
81 22
82 22
83 22
84 22
85 22
86 22
87 22
88 22
89 22
90 22
95 22
105 80
48 22
49 22
50 22
51 22
52 22
53 22
54 22
55 22
56 22
57 22
65 81
66 22
67 22
68 22
69 22
70 22
71 22
72 22
73 22
74 22
75 22
76 22
77 22
78 22
79 82
80 22
81 22
82 22
83 22
84 22
85 22
86 22
87 22
88 22
89 22
90 22
95 22
97 83
111 84
48 22
49 22
50 22
51 22
52 22
53 22
54 22
55 22
56 22
57 22
65 22
66 22
67 22
68 22
69 85
70 22
71 22
72 22
73 22
74 22
75 22
76 22
77 22
78 22
79 22
80 22
81 22
82 22
83 22
84 22
85 22
86 22
87 22
88 22
89 22
90 22
95 22
101 86
48 22
49 22
50 22
51 22
52 22
53 22
54 22
55 22
56 22
57 22
65 22
66 22
67 22
68 22
69 22
70 22
71 22
72 22
73 22
74 22
75 22
76 22
77 22
78 87
79 22
80 22
81 22
82 22
83 88
84 22
85 22
86 22
87 22
88 22
89 22
90 22
95 22
110 89
115 90
48 22
49 22
50 22
51 22
52 22
53 22
54 22
55 22
56 22
57 22
65 91
66 22
67 22
68 22
69 22
70 22
71 22
72 22
73 22
74 22
75 22
76 22
77 22
78 22
79 22
80 22
81 22
82 22
83 22
84 22
85 22
86 22
87 22
88 22
89 22
90 22
95 22
97 92
48 22
49 22
50 22
51 22
52 22
53 22
54 22
55 22
56 22
57 22
65 22
66 22
67 22
68 22
69 93
70 22
71 22
72 22
73 22
74 22
75 22
76 22
77 22
78 22
79 22
80 22
81 22
82 22
83 22
84 22
85 22
86 22
87 22
88 22
89 22
90 22
95 22
101 94
48 22
49 22
50 22
51 22
52 22
53 22
54 22
55 22
56 22
57 22
65 22
66 22
67 22
68 22
69 22
70 22
71 22
72 22
73 22
74 22
75 22
76 22
77 22
78 95
79 22
80 22
81 22
82 22
83 22
84 22
85 22
86 22
87 22
88 22
89 22
90 22
95 22
110 96
48 22
49 22
50 22
51 22
52 22
53 22
54 22
55 22
56 22
57 22
65 22
66 22
67 22
68 22
69 97
70 22
71 22
72 22
73 22
74 22
75 22
76 22
77 22
78 22
79 98
80 22
81 22
82 22
83 22
84 22
85 22
86 22
87 22
88 22
89 22
90 22
95 22
101 99
111 100
48 22
49 22
50 22
51 22
52 22
53 22
54 22
55 22
56 22
57 22
65 22
66 22
67 22
68 22
69 22
70 22
71 22
72 22
73 22
74 22
75 22
76 22
77 22
78 22
79 22
80 22
81 22
82 22
83 22
84 22
85 101
86 22
87 22
88 22
89 22
90 22
95 22
117 102
48 22
49 22
50 22
51 22
52 22
53 22
54 22
55 22
56 22
57 22
65 103
66 22
67 22
68 22
69 22
70 22
71 22
72 22
73 22
74 22
75 22
76 22
77 22
78 22
79 22
80 22
81 22
82 22
83 22
84 22
85 22
86 22
87 22
88 22
89 22
90 22
95 22
97 104
48 22
49 22
50 22
51 22
52 22
53 22
54 22
55 22
56 22
57 22
65 22
66 22
67 22
68 22
69 105
70 22
71 22
72 22
73 22
74 22
75 22
76 22
77 22
78 22
79 22
80 22
81 22
82 22
83 22
84 22
85 22
86 22
87 22
88 22
89 22
90 22
95 22
101 106
48 22
49 22
50 22
51 22
52 22
53 22
54 22
55 22
56 22
57 22
65 22
66 22
67 22
68 22
69 107
70 22
71 22
72 22
73 22
74 22
75 22
76 22
77 22
78 22
79 22
80 22
81 22
82 22
83 22
84 22
85 22
86 22
87 22
88 22
89 22
90 22
95 22
101 108
48 22
49 22
50 22
51 22
52 22
53 22
54 22
55 22
56 22
57 22
65 22
66 22
67 22
68 22
69 109
70 22
71 22
72 22
73 22
74 22
75 22
76 22
77 22
78 22
79 22
80 22
81 22
82 22
83 22
84 22
85 22
86 22
87 22
88 22
89 22
90 22
95 22
101 110
48 22
49 22
50 22
51 22
52 22
53 22
54 22
55 22
56 22
57 22
65 111
66 22
67 22
68 22
69 112
70 22
71 22
72 22
73 22
74 22
75 22
76 22
77 22
78 22
79 22
80 22
81 22
82 22
83 22
84 22
85 22
86 22
87 22
88 22
89 22
90 22
95 22
97 113
101 114
73 80
105 80
65 83
79 84
97 83
111 84
69 86
101 86
78 89
83 90
110 89
115 90
65 92
97 92
69 94
101 94
78 96
110 96
69 99
79 100
101 99
111 100
85 102
117 102
65 104
97 104
69 106
101 106
69 108
101 108
69 110
101 110
65 113
69 114
97 113
101 114
124 115
9 59
10 59
13 59
32 59
33 59
34 116
35 59
36 59
37 59
38 59
39 59
40 59
41 59
42 59
43 59
44 59
45 59
46 59
47 59
48 59
49 59
50 59
51 59
52 59
53 59
54 59
55 59
56 59
57 59
58 59
59 59
60 59
61 59
62 59
63 59
64 59
65 59
66 59
67 59
68 59
69 59
70 59
71 59
72 59
73 59
74 59
75 59
76 59
77 59
78 59
79 59
80 59
81 59
82 59
83 59
84 59
85 59
86 59
87 59
88 59
89 59
90 59
91 59
92 59
93 59
94 59
95 59
96 59
97 59
98 59
99 59
100 59
101 59
102 59
103 59
104 59
105 59
106 59
107 59
108 59
109 59
110 59
111 59
112 59
113 59
114 59
115 59
116 59
117 59
118 59
119 59
120 59
121 59
122 59
123 59
124 59
125 59
126 59
161 59
162 59
163 59
164 59
165 59
166 59
167 59
168 59
169 59
170 59
171 59
172 59
173 59
174 59
175 59
176 59
177 59
178 59
179 59
180 59
181 59
182 59
183 59
184 59
185 59
186 59
187 59
188 59
189 59
190 59
191 59
192 59
193 59
194 59
195 59
196 59
197 59
198 59
199 59
200 59
201 59
202 59
203 59
204 59
205 59
206 59
207 59
208 59
209 59
210 59
211 59
212 59
213 59
214 59
215 59
216 59
217 59
218 59
219 59
220 59
221 59
222 59
223 59
224 59
225 59
226 59
227 59
228 59
229 59
230 59
231 59
232 59
233 59
234 59
235 59
236 59
237 59
238 59
239 59
240 59
241 59
242 59
243 59
244 59
245 59
246 59
247 59
248 59
249 59
250 59
251 59
252 59
253 59
254 59
255 59
9 59
10 59
13 59
32 60
33 59
34 116
35 59
36 59
37 59
38 59
39 59
40 59
41 59
42 59
43 59
44 59
45 59
46 59
47 59
48 59
49 59
50 59
51 59
52 59
53 59
54 59
55 59
56 59
57 59
58 59
59 59
60 59
61 59
62 59
63 59
64 59
65 59
66 59
67 59
68 59
69 59
70 59
71 59
72 59
73 59
74 59
75 59
76 59
77 59
78 59
79 59
80 59
81 59
82 59
83 59
84 59
85 59
86 59
87 59
88 59
89 59
90 59
91 59
92 59
93 59
94 59
95 59
96 59
97 59
98 59
99 59
100 59
101 59
102 59
103 59
104 59
105 59
106 59
107 59
108 59
109 59
110 59
111 59
112 59
113 59
114 59
115 59
116 59
117 59
118 59
119 59
120 59
121 59
122 59
123 59
124 59
125 59
126 59
161 59
162 59
163 59
164 59
165 59
166 59
167 59
168 59
169 59
170 59
171 59
172 59
173 59
174 59
175 59
176 59
177 59
178 59
179 59
180 59
181 59
182 59
183 59
184 59
185 59
186 59
187 59
188 59
189 59
190 59
191 59
192 59
193 59
194 59
195 59
196 59
197 59
198 59
199 59
200 59
201 59
202 59
203 59
204 59
205 59
206 59
207 59
208 59
209 59
210 59
211 59
212 59
213 59
214 59
215 59
216 59
217 59
218 59
219 59
220 59
221 59
222 59
223 59
224 59
225 59
226 59
227 59
228 59
229 59
230 59
231 59
232 59
233 59
234 59
235 59
236 59
237 59
238 59
239 59
240 59
241 59
242 59
243 59
244 59
245 59
246 59
247 59
248 59
249 59
250 59
251 59
252 59
253 59
254 59
255 59
9 59
10 59
13 59
32 59
33 59
34 116
35 59
36 59
37 59
38 59
39 59
40 59
41 59
42 59
43 59
44 59
45 59
46 59
47 59
48 59
49 59
50 59
51 59
52 59
53 59
54 59
55 59
56 59
57 59
58 59
59 59
60 59
61 59
62 59
63 59
64 59
65 59
66 59
67 59
68 59
69 59
70 59
71 59
72 59
73 59
74 59
75 59
76 59
77 59
78 59
79 59
80 59
81 59
82 59
83 59
84 59
85 59
86 59
87 59
88 59
89 59
90 59
91 59
92 59
93 59
94 59
95 59
96 59
97 59
98 59
99 59
100 59
101 59
102 59
103 59
104 59
105 59
106 59
107 59
108 59
109 59
110 59
111 59
112 59
113 59
114 59
115 59
116 59
117 59
118 59
119 59
120 59
121 59
122 59
123 59
124 59
125 59
126 59
161 59
162 59
163 59
164 59
165 59
166 59
167 59
168 59
169 59
170 59
171 59
172 59
173 59
174 59
175 59
176 59
177 59
178 59
179 59
180 59
181 59
182 59
183 59
184 59
185 59
186 59
187 59
188 59
189 59
190 59
191 59
192 59
193 59
194 59
195 59
196 59
197 59
198 59
199 59
200 59
201 59
202 59
203 59
204 59
205 59
206 59
207 59
208 59
209 59
210 59
211 59
212 59
213 59
214 59
215 59
216 59
217 59
218 59
219 59
220 59
221 59
222 59
223 59
224 59
225 59
226 59
227 59
228 59
229 59
230 59
231 59
232 59
233 59
234 59
235 59
236 59
237 59
238 59
239 59
240 59
241 59
242 59
243 59
244 59
245 59
246 59
247 59
248 59
249 59
250 59
251 59
252 59
253 59
254 59
255 59
39 117
9 68
10 118
13 118
32 68
33 119
34 119
35 119
36 119
37 119
38 119
39 119
40 119
41 119
42 120
43 119
44 119
45 119
46 119
47 119
48 119
49 119
50 119
51 119
52 119
53 119
54 119
55 119
56 119
57 119
58 119
59 119
60 119
61 119
62 119
63 119
64 119
65 119
66 119
67 119
68 119
69 119
70 119
71 119
72 119
73 119
74 119
75 119
76 119
77 119
78 119
79 119
80 119
81 119
82 119
83 119
84 119
85 119
86 119
87 119
88 119
89 119
90 119
91 119
92 119
93 119
94 119
95 119
96 119
97 119
98 119
99 119
100 119
101 119
102 119
103 119
104 119
105 119
106 119
107 119
108 119
109 119
110 119
111 119
112 119
113 119
114 119
115 119
116 119
117 119
118 119
119 119
120 119
121 119
122 119
123 119
124 119
125 119
126 119
161 119
162 119
163 119
164 119
165 119
166 119
167 119
168 119
169 119
170 119
171 119
172 119
173 119
174 119
175 119
176 119
177 119
178 119
179 119
180 119
181 119
182 119
183 119
184 119
185 119
186 119
187 119
188 119
189 119
190 119
191 119
192 119
193 119
194 119
195 119
196 119
197 119
198 119
199 119
200 119
201 119
202 119
203 119
204 119
205 119
206 119
207 119
208 119
209 119
210 119
211 119
212 119
213 119
214 119
215 119
216 119
217 119
218 119
219 119
220 119
221 119
222 119
223 119
224 119
225 119
226 119
227 119
228 119
229 119
230 119
231 119
232 119
233 119
234 119
235 119
236 119
237 119
238 119
239 119
240 119
241 119
242 119
243 119
244 119
245 119
246 119
247 119
248 119
249 119
250 119
251 119
252 119
253 119
254 119
255 119
9 69
32 69
33 69
34 69
35 69
36 69
37 69
38 69
39 69
40 69
41 69
42 69
43 69
44 69
45 69
46 69
47 69
48 69
49 69
50 69
51 69
52 69
53 69
54 69
55 69
56 69
57 69
58 69
59 69
60 69
61 69
62 69
63 69
64 69
65 69
66 69
67 69
68 69
69 69
70 69
71 69
72 69
73 69
74 69
75 69
76 69
77 69
78 69
79 69
80 69
81 69
82 69
83 69
84 69
85 69
86 69
87 69
88 69
89 69
90 69
91 69
92 69
93 69
94 69
95 69
96 69
97 69
98 69
99 69
100 69
101 69
102 69
103 69
104 69
105 69
106 69
107 69
108 69
109 69
110 69
111 69
112 69
113 69
114 69
115 69
116 69
117 69
118 69
119 69
120 69
121 69
122 69
123 69
124 69
125 69
126 69
161 69
162 69
163 69
164 69
165 69
166 69
167 69
168 69
169 69
170 69
171 69
172 69
173 69
174 69
175 69
176 69
177 69
178 69
179 69
180 69
181 69
182 69
183 69
184 69
185 69
186 69
187 69
188 69
189 69
190 69
191 69
192 69
193 69
194 69
195 69
196 69
197 69
198 69
199 69
200 69
201 69
202 69
203 69
204 69
205 69
206 69
207 69
208 69
209 69
210 69
211 69
212 69
213 69
214 69
215 69
216 69
217 69
218 69
219 69
220 69
221 69
222 69
223 69
224 69
225 69
226 69
227 69
228 69
229 69
230 69
231 69
232 69
233 69
234 69
235 69
236 69
237 69
238 69
239 69
240 69
241 69
242 69
243 69
244 69
245 69
246 69
247 69
248 69
249 69
250 69
251 69
252 69
253 69
254 69
255 69
48 121
49 121
50 121
51 121
52 121
53 121
54 121
55 121
56 121
57 121
48 122
49 122
50 122
51 122
52 122
53 122
54 122
55 122
56 122
57 122
65 122
66 122
67 122
68 122
69 122
70 122
48 78
49 78
50 22
51 22
52 22
53 22
54 22
55 22
56 22
57 22
65 22
66 22
67 22
68 22
69 22
70 22
71 22
72 22
73 22
74 22
75 22
76 22
77 22
78 22
79 22
80 22
81 22
82 22
83 22
84 22
85 22
86 22
87 22
88 22
89 22
90 22
95 22
48 22
49 22
50 22
51 22
52 22
53 22
54 22
55 22
56 22
57 22
65 22
66 22
67 22
68 22
69 22
70 22
71 22
72 22
73 22
74 22
75 22
76 22
77 22
78 123
79 22
80 22
81 22
82 22
83 22
84 22
85 22
86 22
87 22
88 22
89 22
90 22
95 22
110 124
78 124
110 124
48 22
49 22
50 22
51 22
52 22
53 22
54 22
55 22
56 22
57 22
65 22
66 22
67 22
68 22
69 22
70 22
71 22
72 22
73 22
74 22
75 22
76 22
77 22
78 22
79 22
80 22
81 22
82 22
83 125
84 22
85 22
86 22
87 22
88 22
89 22
90 22
95 22
115 126
48 22
49 22
50 22
51 22
52 22
53 22
54 22
55 22
56 22
57 22
65 22
66 22
67 22
68 22
69 22
70 22
71 22
72 22
73 22
74 22
75 22
76 22
77 22
78 127
79 22
80 22
81 22
82 22
83 22
84 22
85 22
86 22
87 22
88 22
89 22
90 22
95 22
110 128
83 126
115 126
78 128
110 128
48 22
49 22
50 22
51 22
52 22
53 22
54 22
55 22
56 22
57 22
65 22
66 22
67 129
68 22
69 22
70 22
71 22
72 22
73 22
74 22
75 22
76 130
77 22
78 22
79 22
80 22
81 22
82 22
83 22
84 22
85 22
86 22
87 22
88 22
89 22
90 22
95 22
99 131
108 132
67 131
76 132
99 131
108 132
48 22
49 22
50 22
51 22
52 22
53 22
54 22
55 22
56 22
57 22
65 22
66 22
67 22
68 22
69 22
70 22
71 22
72 22
73 22
74 22
75 22
76 22
77 22
78 22
79 22
80 22
81 133
82 22
83 22
84 134
85 22
86 22
87 22
88 22
89 22
90 22
95 22
113 135
116 136
48 22
49 22
50 22
51 22
52 22
53 22
54 22
55 22
56 22
57 22
65 22
66 22
67 137
68 22
69 22
70 22
71 22
72 22
73 22
74 22
75 22
76 22
77 22
78 22
79 22
80 22
81 22
82 22
83 22
84 22
85 22
86 22
87 22
88 22
89 22
90 22
95 22
99 138
81 135
84 136
113 135
116 136
67 138
99 138
48 22
49 22
50 22
51 22
52 22
53 22
54 22
55 22
56 22
57 22
65 22
66 22
67 22
68 22
69 22
70 22
71 22
72 22
73 22
74 22
75 22
76 139
77 22
78 22
79 22
80 22
81 22
82 22
83 22
84 22
85 22
86 22
87 22
88 22
89 22
90 140
95 22
108 141
122 142
76 141
90 142
108 141
122 142
48 22
49 22
50 22
51 22
52 22
53 22
54 22
55 22
56 22
57 22
65 22
66 22
67 22
68 22
69 22
70 22
71 22
72 22
73 22
74 22
75 22
76 22
77 22
78 22
79 22
80 22
81 22
82 22
83 22
84 22
85 22
86 22
87 22
88 143
89 22
90 22
95 22
120 144
88 144
120 144
48 22
49 22
50 22
51 22
52 22
53 22
54 22
55 22
56 22
57 22
65 22
66 22
67 22
68 22
69 22
70 22
71 22
72 22
73 22
74 22
75 22
76 22
77 22
78 22
79 22
80 22
81 22
82 22
83 22
84 145
85 22
86 22
87 22
88 22
89 22
90 22
95 22
116 146
84 146
116 146
48 22
49 22
50 22
51 22
52 22
53 22
54 22
55 22
56 22
57 22
65 22
66 22
67 22
68 22
69 22
70 22
71 22
72 22
73 22
74 22
75 22
76 22
77 22
78 22
79 22
80 22
81 22
82 22
83 22
84 147
85 22
86 22
87 22
88 22
89 22
90 22
95 22
116 148
48 22
49 22
50 22
51 22
52 22
53 22
54 22
55 22
56 22
57 22
65 22
66 22
67 22
68 22
69 22
70 22
71 149
72 22
73 22
74 22
75 22
76 22
77 22
78 22
79 22
80 22
81 22
82 22
83 22
84 22
85 22
86 22
87 22
88 22
89 22
90 22
95 22
103 150
84 148
116 148
71 150
103 150
48 22
49 22
50 22
51 22
52 22
53 22
54 22
55 22
56 22
57 22
65 22
66 22
67 22
68 22
69 22
70 22
71 22
72 22
73 22
74 22
75 22
76 151
77 22
78 22
79 22
80 22
81 22
82 22
83 22
84 22
85 22
86 22
87 22
88 22
89 22
90 22
95 22
108 152
76 152
108 152
48 22
49 22
50 22
51 22
52 22
53 22
54 22
55 22
56 22
57 22
65 22
66 22
67 22
68 22
69 22
70 22
71 22
72 22
73 22
74 22
75 22
76 22
77 22
78 22
79 22
80 22
81 22
82 153
83 22
84 22
85 22
86 22
87 22
88 22
89 22
90 22
95 22
114 154
82 154
114 154
48 22
49 22
50 22
51 22
52 22
53 22
54 22
55 22
56 22
57 22
65 155
66 22
67 22
68 22
69 22
70 22
71 22
72 22
73 22
74 22
75 22
76 22
77 22
78 22
79 22
80 22
81 22
82 22
83 22
84 156
85 22
86 22
87 22
88 22
89 22
90 22
95 22
97 157
116 158
65 157
84 158
97 157
116 158
48 22
49 22
50 22
51 22
52 22
53 22
54 22
55 22
56 22
57 22
65 22
66 22
67 22
68 22
69 22
70 22
71 22
72 22
73 22
74 22
75 22
76 22
77 22
78 159
79 22
80 22
81 22
82 22
83 22
84 22
85 22
86 22
87 22
88 22
89 22
90 22
95 22
110 160
78 160
110 160
48 22
49 22
50 22
51 22
52 22
53 22
54 22
55 22
56 22
57 22
65 22
66 22
67 22
68 22
69 22
70 22
71 22
72 22
73 22
74 22
75 22
76 22
77 22
78 22
79 22
80 22
81 22
82 22
83 22
84 22
85 22
86 22
87 22
88 161
89 22
90 22
95 22
120 162
88 162
120 162
48 22
49 22
50 22
51 22
52 22
53 22
54 22
55 22
56 22
57 22
65 22
66 22
67 22
68 22
69 22
70 22
71 22
72 22
73 22
74 22
75 22
76 22
77 22
78 22
79 22
80 22
81 22
82 22
83 22
84 22
85 22
86 22
87 22
88 22
89 22
90 163
95 22
122 164
48 22
49 22
50 22
51 22
52 22
53 22
54 22
55 22
56 22
57 22
65 22
66 22
67 22
68 22
69 22
70 22
71 22
72 22
73 22
74 22
75 22
76 22
77 22
78 22
79 22
80 22
81 22
82 165
83 22
84 22
85 22
86 22
87 22
88 22
89 22
90 22
95 22
114 166
90 164
122 164
82 166
114 166
9 118
10 118
13 118
32 118
33 167
34 167
35 167
36 167
37 167
38 167
39 167
40 167
41 167
42 168
43 167
44 167
45 167
46 167
47 167
48 167
49 167
50 167
51 167
52 167
53 167
54 167
55 167
56 167
57 167
58 167
59 167
60 167
61 167
62 167
63 167
64 167
65 167
66 167
67 167
68 167
69 167
70 167
71 167
72 167
73 167
74 167
75 167
76 167
77 167
78 167
79 167
80 167
81 167
82 167
83 167
84 167
85 167
86 167
87 167
88 167
89 167
90 167
91 167
92 167
93 167
94 167
95 167
96 167
97 167
98 167
99 167
100 167
101 167
102 167
103 167
104 167
105 167
106 167
107 167
108 167
109 167
110 167
111 167
112 167
113 167
114 167
115 167
116 167
117 167
118 167
119 167
120 167
121 167
122 167
123 167
124 167
125 167
126 167
161 167
162 167
163 167
164 167
165 167
166 167
167 167
168 167
169 167
170 167
171 167
172 167
173 167
174 167
175 167
176 167
177 167
178 167
179 167
180 167
181 167
182 167
183 167
184 167
185 167
186 167
187 167
188 167
189 167
190 167
191 167
192 167
193 167
194 167
195 167
196 167
197 167
198 167
199 167
200 167
201 167
202 167
203 167
204 167
205 167
206 167
207 167
208 167
209 167
210 167
211 167
212 167
213 167
214 167
215 167
216 167
217 167
218 167
219 167
220 167
221 167
222 167
223 167
224 167
225 167
226 167
227 167
228 167
229 167
230 167
231 167
232 167
233 167
234 167
235 167
236 167
237 167
238 167
239 167
240 167
241 167
242 167
243 167
244 167
245 167
246 167
247 167
248 167
249 167
250 167
251 167
252 167
253 167
254 167
255 167
9 119
10 169
13 169
32 119
33 119
34 119
35 119
36 119
37 119
38 119
39 119
40 119
41 119
42 170
43 119
44 119
45 119
46 119
47 119
48 119
49 119
50 119
51 119
52 119
53 119
54 119
55 119
56 119
57 119
58 119
59 119
60 119
61 119
62 119
63 119
64 119
65 119
66 119
67 119
68 119
69 119
70 119
71 119
72 119
73 119
74 119
75 119
76 119
77 119
78 119
79 119
80 119
81 119
82 119
83 119
84 119
85 119
86 119
87 119
88 119
89 119
90 119
91 119
92 119
93 119
94 119
95 119
96 119
97 119
98 119
99 119
100 119
101 119
102 119
103 119
104 119
105 119
106 119
107 119
108 119
109 119
110 119
111 119
112 119
113 119
114 119
115 119
116 119
117 119
118 119
119 119
120 119
121 119
122 119
123 119
124 119
125 119
126 119
161 119
162 119
163 119
164 119
165 119
166 119
167 119
168 119
169 119
170 119
171 119
172 119
173 119
174 119
175 119
176 119
177 119
178 119
179 119
180 119
181 119
182 119
183 119
184 119
185 119
186 119
187 119
188 119
189 119
190 119
191 119
192 119
193 119
194 119
195 119
196 119
197 119
198 119
199 119
200 119
201 119
202 119
203 119
204 119
205 119
206 119
207 119
208 119
209 119
210 119
211 119
212 119
213 119
214 119
215 119
216 119
217 119
218 119
219 119
220 119
221 119
222 119
223 119
224 119
225 119
226 119
227 119
228 119
229 119
230 119
231 119
232 119
233 119
234 119
235 119
236 119
237 119
238 119
239 119
240 119
241 119
242 119
243 119
244 119
245 119
246 119
247 119
248 119
249 119
250 119
251 119
252 119
253 119
254 119
255 119
9 68
10 118
13 118
32 68
33 119
34 119
35 119
36 119
37 119
38 119
39 119
40 119
41 119
42 120
43 119
44 119
45 119
46 119
47 171
48 119
49 119
50 119
51 119
52 119
53 119
54 119
55 119
56 119
57 119
58 119
59 119
60 119
61 119
62 119
63 119
64 119
65 119
66 119
67 119
68 119
69 119
70 119
71 119
72 119
73 119
74 119
75 119
76 119
77 119
78 119
79 119
80 119
81 119
82 119
83 119
84 119
85 119
86 119
87 119
88 119
89 119
90 119
91 119
92 119
93 119
94 119
95 119
96 119
97 119
98 119
99 119
100 119
101 119
102 119
103 119
104 119
105 119
106 119
107 119
108 119
109 119
110 119
111 119
112 119
113 119
114 119
115 119
116 119
117 119
118 119
119 119
120 119
121 119
122 119
123 119
124 119
125 119
126 119
161 119
162 119
163 119
164 119
165 119
166 119
167 119
168 119
169 119
170 119
171 119
172 119
173 119
174 119
175 119
176 119
177 119
178 119
179 119
180 119
181 119
182 119
183 119
184 119
185 119
186 119
187 119
188 119
189 119
190 119
191 119
192 119
193 119
194 119
195 119
196 119
197 119
198 119
199 119
200 119
201 119
202 119
203 119
204 119
205 119
206 119
207 119
208 119
209 119
210 119
211 119
212 119
213 119
214 119
215 119
216 119
217 119
218 119
219 119
220 119
221 119
222 119
223 119
224 119
225 119
226 119
227 119
228 119
229 119
230 119
231 119
232 119
233 119
234 119
235 119
236 119
237 119
238 119
239 119
240 119
241 119
242 119
243 119
244 119
245 119
246 119
247 119
248 119
249 119
250 119
251 119
252 119
253 119
254 119
255 119
48 121
49 121
50 121
51 121
52 121
53 121
54 121
55 121
56 121
57 121
48 122
49 122
50 122
51 122
52 122
53 122
54 122
55 122
56 122
57 122
65 122
66 122
67 122
68 122
69 122
70 122
48 22
49 22
50 22
51 22
52 22
53 22
54 22
55 22
56 22
57 22
65 172
66 22
67 22
68 22
69 22
70 22
71 22
72 22
73 22
74 22
75 22
76 22
77 22
78 22
79 22
80 22
81 22
82 22
83 22
84 22
85 22
86 22
87 22
88 22
89 22
90 22
95 22
97 173
65 173
97 173
48 22
49 22
50 22
51 22
52 22
53 22
54 22
55 22
56 22
57 22
65 22
66 22
67 22
68 22
69 22
70 22
71 22
72 22
73 22
74 22
75 22
76 22
77 22
78 22
79 174
80 22
81 22
82 22
83 22
84 22
85 22
86 22
87 22
88 22
89 22
90 22
95 22
111 175
79 175
111 175
48 22
49 22
50 22
51 22
52 22
53 22
54 22
55 22
56 22
57 22
65 22
66 22
67 22
68 22
69 22
70 22
71 22
72 22
73 22
74 22
75 22
76 22
77 22
78 22
79 22
80 22
81 22
82 22
83 176
84 22
85 22
86 22
87 22
88 22
89 22
90 22
95 22
115 177
83 177
115 177
48 22
49 22
50 22
51 22
52 22
53 22
54 22
55 22
56 22
57 22
65 22
66 22
67 22
68 22
69 22
70 22
71 22
72 22
73 178
74 22
75 22
76 22
77 22
78 22
79 22
80 22
81 22
82 22
83 22
84 22
85 22
86 22
87 22
88 22
89 22
90 22
95 22
105 179
48 22
49 22
50 22
51 22
52 22
53 22
54 22
55 22
56 22
57 22
65 22
66 22
67 22
68 22
69 180
70 22
71 22
72 22
73 22
74 22
75 22
76 22
77 22
78 22
79 22
80 22
81 22
82 22
83 22
84 22
85 22
86 22
87 22
88 22
89 22
90 22
95 22
101 181
73 179
105 179
69 181
101 181
48 22
49 22
50 22
51 22
52 22
53 22
54 22
55 22
56 22
57 22
65 22
66 22
67 22
68 22
69 22
70 22
71 22
72 22
73 22
74 22
75 22
76 22
77 22
78 22
79 22
80 22
81 22
82 22
83 22
84 22
85 182
86 22
87 22
88 22
89 22
90 22
95 22
117 183
48 22
49 22
50 22
51 22
52 22
53 22
54 22
55 22
56 22
57 22
65 184
66 22
67 22
68 22
69 22
70 22
71 22
72 22
73 22
74 22
75 22
76 22
77 22
78 22
79 22
80 22
81 22
82 185
83 22
84 22
85 22
86 22
87 22
88 22
89 22
90 22
95 22
97 186
114 187
85 183
117 183
65 186
82 187
97 186
114 187
48 22
49 22
50 22
51 22
52 22
53 22
54 22
55 22
56 22
57 22
65 188
66 22
67 22
68 22
69 22
70 22
71 22
72 22
73 22
74 22
75 22
76 22
77 22
78 22
79 189
80 22
81 22
82 190
83 22
84 22
85 22
86 22
87 22
88 22
89 22
90 22
95 22
97 191
111 192
114 193
65 191
79 192
82 193
97 191
111 192
114 193
48 22
49 22
50 22
51 22
52 22
53 22
54 22
55 22
56 22
57 22
65 22
66 22
67 22
68 22
69 22
70 22
71 22
72 22
73 22
74 22
75 22
76 22
77 22
78 22
79 22
80 22
81 22
82 22
83 194
84 22
85 22
86 22
87 22
88 22
89 22
90 22
95 22
115 195
48 22
49 22
50 22
51 22
52 22
53 22
54 22
55 22
56 22
57 22
65 22
66 22
67 22
68 22
69 22
70 22
71 22
72 22
73 22
74 22
75 22
76 22
77 22
78 22
79 22
80 22
81 22
82 22
83 22
84 22
85 22
86 22
87 22
88 22
89 22
90 22
95 22
83 195
115 195
48 22
49 22
50 22
51 22
52 22
53 22
54 22
55 22
56 22
57 22
65 196
66 22
67 22
68 22
69 22
70 22
71 22
72 22
73 22
74 22
75 22
76 22
77 22
78 22
79 22
80 22
81 22
82 22
83 22
84 22
85 22
86 22
87 22
88 22
89 22
90 22
95 22
97 197
65 197
97 197
48 22
49 22
50 22
51 22
52 22
53 22
54 22
55 22
56 22
57 22
65 22
66 22
67 22
68 22
69 198
70 22
71 22
72 22
73 22
74 22
75 22
76 22
77 22
78 22
79 22
80 22
81 22
82 22
83 22
84 22
85 22
86 22
87 22
88 22
89 22
90 22
95 22
101 199
69 199
101 199
48 22
49 22
50 22
51 22
52 22
53 22
54 22
55 22
56 22
57 22
65 22
66 22
67 22
68 22
69 22
70 22
71 22
72 22
73 22
74 22
75 22
76 22
77 22
78 22
79 22
80 22
81 22
82 200
83 22
84 22
85 22
86 22
87 22
88 22
89 22
90 22
95 22
114 201
82 201
114 201
48 22
49 22
50 22
51 22
52 22
53 22
54 22
55 22
56 22
57 22
65 22
66 22
67 22
68 22
69 22
70 22
71 22
72 22
73 202
74 22
75 22
76 22
77 22
78 22
79 22
80 22
81 22
82 22
83 22
84 22
85 22
86 22
87 22
88 22
89 22
90 22
95 22
105 203
73 203
105 203
48 22
49 22
50 22
51 22
52 22
53 22
54 22
55 22
56 22
57 22
65 22
66 22
67 22
68 22
69 22
70 22
71 22
72 22
73 22
74 22
75 22
76 22
77 22
78 22
79 204
80 22
81 22
82 22
83 22
84 22
85 22
86 22
87 22
88 22
89 22
90 22
95 22
111 205
79 205
111 205
48 22
49 22
50 22
51 22
52 22
53 22
54 22
55 22
56 22
57 22
65 206
66 22
67 22
68 22
69 22
70 22
71 22
72 22
73 22
74 22
75 22
76 22
77 22
78 22
79 22
80 22
81 22
82 22
83 22
84 22
85 22
86 22
87 22
88 22
89 22
90 22
95 22
97 207
65 207
97 207
48 22
49 22
50 22
51 22
52 22
53 22
54 22
55 22
56 22
57 22
65 22
66 22
67 22
68 22
69 22
70 22
71 22
72 22
73 22
74 22
75 22
76 208
77 22
78 22
79 22
80 22
81 22
82 22
83 22
84 22
85 22
86 22
87 22
88 22
89 22
90 22
95 22
108 209
48 22
49 22
50 22
51 22
52 22
53 22
54 22
55 22
56 22
57 22
65 22
66 22
67 22
68 22
69 22
70 22
71 22
72 22
73 22
74 22
75 22
76 22
77 22
78 22
79 210
80 22
81 22
82 22
83 22
84 22
85 22
86 22
87 22
88 22
89 22
90 22
95 22
111 211
76 209
108 209
79 211
111 211
48 22
49 22
50 22
51 22
52 22
53 22
54 22
55 22
56 22
57 22
65 212
66 22
67 22
68 22
69 22
70 22
71 22
72 22
73 22
74 22
75 22
76 22
77 22
78 22
79 22
80 22
81 22
82 22
83 22
84 22
85 22
86 22
87 22
88 22
89 22
90 22
95 22
97 213
65 213
97 213
48 22
49 22
50 22
51 22
52 22
53 22
54 22
55 22
56 22
57 22
65 22
66 22
67 22
68 22
69 22
70 22
71 22
72 22
73 22
74 22
75 22
76 22
77 22
78 22
79 22
80 22
81 22
82 22
83 22
84 214
85 22
86 22
87 22
88 22
89 22
90 22
95 22
116 215
84 215
116 215
48 22
49 22
50 22
51 22
52 22
53 22
54 22
55 22
56 22
57 22
65 22
66 22
67 22
68 22
69 22
70 22
71 22
72 22
73 216
74 22
75 22
76 22
77 22
78 22
79 22
80 22
81 22
82 22
83 22
84 22
85 22
86 22
87 22
88 22
89 22
90 22
95 22
105 217
73 217
105 217
48 22
49 22
50 22
51 22
52 22
53 22
54 22
55 22
56 22
57 22
65 22
66 22
67 22
68 218
69 22
70 22
71 22
72 22
73 22
74 22
75 22
76 22
77 22
78 22
79 22
80 22
81 22
82 22
83 22
84 22
85 22
86 22
87 22
88 22
89 22
90 22
95 22
100 219
68 219
100 219
9 167
10 220
13 220
32 167
33 167
34 167
35 167
36 167
37 167
38 167
39 167
40 167
41 167
42 221
43 167
44 167
45 167
46 167
47 167
48 167
49 167
50 167
51 167
52 167
53 167
54 167
55 167
56 167
57 167
58 167
59 167
60 167
61 167
62 167
63 167
64 167
65 167
66 167
67 167
68 167
69 167
70 167
71 167
72 167
73 167
74 167
75 167
76 167
77 167
78 167
79 167
80 167
81 167
82 167
83 167
84 167
85 167
86 167
87 167
88 167
89 167
90 167
91 167
92 167
93 167
94 167
95 167
96 167
97 167
98 167
99 167
100 167
101 167
102 167
103 167
104 167
105 167
106 167
107 167
108 167
109 167
110 167
111 167
112 167
113 167
114 167
115 167
116 167
117 167
118 167
119 167
120 167
121 167
122 167
123 167
124 167
125 167
126 167
161 167
162 167
163 167
164 167
165 167
166 167
167 167
168 167
169 167
170 167
171 167
172 167
173 167
174 167
175 167
176 167
177 167
178 167
179 167
180 167
181 167
182 167
183 167
184 167
185 167
186 167
187 167
188 167
189 167
190 167
191 167
192 167
193 167
194 167
195 167
196 167
197 167
198 167
199 167
200 167
201 167
202 167
203 167
204 167
205 167
206 167
207 167
208 167
209 167
210 167
211 167
212 167
213 167
214 167
215 167
216 167
217 167
218 167
219 167
220 167
221 167
222 167
223 167
224 167
225 167
226 167
227 167
228 167
229 167
230 167
231 167
232 167
233 167
234 167
235 167
236 167
237 167
238 167
239 167
240 167
241 167
242 167
243 167
244 167
245 167
246 167
247 167
248 167
249 167
250 167
251 167
252 167
253 167
254 167
255 167
9 118
10 118
13 118
32 118
33 167
34 167
35 167
36 167
37 167
38 167
39 167
40 167
41 167
42 168
43 167
44 167
45 167
46 167
47 222
48 167
49 167
50 167
51 167
52 167
53 167
54 167
55 167
56 167
57 167
58 167
59 167
60 167
61 167
62 167
63 167
64 167
65 167
66 167
67 167
68 167
69 167
70 167
71 167
72 167
73 167
74 167
75 167
76 167
77 167
78 167
79 167
80 167
81 167
82 167
83 167
84 167
85 167
86 167
87 167
88 167
89 167
90 167
91 167
92 167
93 167
94 167
95 167
96 167
97 167
98 167
99 167
100 167
101 167
102 167
103 167
104 167
105 167
106 167
107 167
108 167
109 167
110 167
111 167
112 167
113 167
114 167
115 167
116 167
117 167
118 167
119 167
120 167
121 167
122 167
123 167
124 167
125 167
126 167
161 167
162 167
163 167
164 167
165 167
166 167
167 167
168 167
169 167
170 167
171 167
172 167
173 167
174 167
175 167
176 167
177 167
178 167
179 167
180 167
181 167
182 167
183 167
184 167
185 167
186 167
187 167
188 167
189 167
190 167
191 167
192 167
193 167
194 167
195 167
196 167
197 167
198 167
199 167
200 167
201 167
202 167
203 167
204 167
205 167
206 167
207 167
208 167
209 167
210 167
211 167
212 167
213 167
214 167
215 167
216 167
217 167
218 167
219 167
220 167
221 167
222 167
223 167
224 167
225 167
226 167
227 167
228 167
229 167
230 167
231 167
232 167
233 167
234 167
235 167
236 167
237 167
238 167
239 167
240 167
241 167
242 167
243 167
244 167
245 167
246 167
247 167
248 167
249 167
250 167
251 167
252 167
253 167
254 167
255 167
9 169
10 169
13 169
32 169
42 223
9 119
10 169
13 169
32 119
33 119
34 119
35 119
36 119
37 119
38 119
39 119
40 119
41 119
42 170
43 119
44 119
45 119
46 119
47 171
48 119
49 119
50 119
51 119
52 119
53 119
54 119
55 119
56 119
57 119
58 119
59 119
60 119
61 119
62 119
63 119
64 119
65 119
66 119
67 119
68 119
69 119
70 119
71 119
72 119
73 119
74 119
75 119
76 119
77 119
78 119
79 119
80 119
81 119
82 119
83 119
84 119
85 119
86 119
87 119
88 119
89 119
90 119
91 119
92 119
93 119
94 119
95 119
96 119
97 119
98 119
99 119
100 119
101 119
102 119
103 119
104 119
105 119
106 119
107 119
108 119
109 119
110 119
111 119
112 119
113 119
114 119
115 119
116 119
117 119
118 119
119 119
120 119
121 119
122 119
123 119
124 119
125 119
126 119
161 119
162 119
163 119
164 119
165 119
166 119
167 119
168 119
169 119
170 119
171 119
172 119
173 119
174 119
175 119
176 119
177 119
178 119
179 119
180 119
181 119
182 119
183 119
184 119
185 119
186 119
187 119
188 119
189 119
190 119
191 119
192 119
193 119
194 119
195 119
196 119
197 119
198 119
199 119
200 119
201 119
202 119
203 119
204 119
205 119
206 119
207 119
208 119
209 119
210 119
211 119
212 119
213 119
214 119
215 119
216 119
217 119
218 119
219 119
220 119
221 119
222 119
223 119
224 119
225 119
226 119
227 119
228 119
229 119
230 119
231 119
232 119
233 119
234 119
235 119
236 119
237 119
238 119
239 119
240 119
241 119
242 119
243 119
244 119
245 119
246 119
247 119
248 119
249 119
250 119
251 119
252 119
253 119
254 119
255 119
9 119
10 169
13 169
32 119
33 119
34 119
35 119
36 119
37 119
38 119
39 119
40 119
41 119
42 170
43 119
44 119
45 119
46 119
47 119
48 119
49 119
50 119
51 119
52 119
53 119
54 119
55 119
56 119
57 119
58 119
59 119
60 119
61 119
62 119
63 119
64 119
65 119
66 119
67 119
68 119
69 119
70 119
71 119
72 119
73 119
74 119
75 119
76 119
77 119
78 119
79 119
80 119
81 119
82 119
83 119
84 119
85 119
86 119
87 119
88 119
89 119
90 119
91 119
92 119
93 119
94 119
95 119
96 119
97 119
98 119
99 119
100 119
101 119
102 119
103 119
104 119
105 119
106 119
107 119
108 119
109 119
110 119
111 119
112 119
113 119
114 119
115 119
116 119
117 119
118 119
119 119
120 119
121 119
122 119
123 119
124 119
125 119
126 119
161 119
162 119
163 119
164 119
165 119
166 119
167 119
168 119
169 119
170 119
171 119
172 119
173 119
174 119
175 119
176 119
177 119
178 119
179 119
180 119
181 119
182 119
183 119
184 119
185 119
186 119
187 119
188 119
189 119
190 119
191 119
192 119
193 119
194 119
195 119
196 119
197 119
198 119
199 119
200 119
201 119
202 119
203 119
204 119
205 119
206 119
207 119
208 119
209 119
210 119
211 119
212 119
213 119
214 119
215 119
216 119
217 119
218 119
219 119
220 119
221 119
222 119
223 119
224 119
225 119
226 119
227 119
228 119
229 119
230 119
231 119
232 119
233 119
234 119
235 119
236 119
237 119
238 119
239 119
240 119
241 119
242 119
243 119
244 119
245 119
246 119
247 119
248 119
249 119
250 119
251 119
252 119
253 119
254 119
255 119
48 22
49 22
50 22
51 22
52 22
53 22
54 22
55 22
56 22
57 22
65 22
66 22
67 22
68 22
69 22
70 22
71 22
72 22
73 22
74 22
75 22
76 22
77 22
78 22
79 22
80 22
81 22
82 224
83 22
84 22
85 22
86 22
87 22
88 22
89 22
90 22
95 22
114 225
82 225
114 225
48 22
49 22
50 22
51 22
52 22
53 22
54 22
55 22
56 22
57 22
65 22
66 22
67 22
68 22
69 22
70 22
71 22
72 22
73 22
74 22
75 22
76 22
77 22
78 22
79 22
80 22
81 22
82 22
83 22
84 22
85 22
86 22
87 22
88 22
89 22
90 22
95 22
48 22
49 22
50 22
51 22
52 22
53 22
54 22
55 22
56 22
57 22
65 22
66 22
67 22
68 22
69 22
70 22
71 22
72 22
73 22
74 22
75 22
76 22
77 22
78 22
79 22
80 22
81 22
82 22
83 22
84 226
85 22
86 22
87 22
88 22
89 22
90 22
95 22
116 227
84 227
116 227
48 22
49 22
50 22
51 22
52 22
53 22
54 22
55 22
56 22
57 22
65 22
66 22
67 22
68 22
69 22
70 22
71 22
72 22
73 22
74 22
75 22
76 22
77 228
78 22
79 22
80 22
81 22
82 22
83 22
84 22
85 22
86 22
87 22
88 22
89 22
90 22
95 22
109 229
77 229
109 229
48 22
49 22
50 22
51 22
52 22
53 22
54 22
55 22
56 22
57 22
65 22
66 22
67 22
68 22
69 22
70 22
71 22
72 22
73 22
74 22
75 22
76 22
77 22
78 22
79 22
80 22
81 22
82 22
83 22
84 230
85 22
86 22
87 22
88 22
89 22
90 22
95 22
116 231
84 231
116 231
48 22
49 22
50 22
51 22
52 22
53 22
54 22
55 22
56 22
57 22
65 232
66 22
67 22
68 22
69 22
70 22
71 22
72 22
73 22
74 22
75 22
76 22
77 22
78 22
79 22
80 22
81 22
82 22
83 22
84 22
85 22
86 22
87 22
88 22
89 22
90 22
95 22
97 233
65 233
97 233
48 22
49 22
50 22
51 22
52 22
53 22
54 22
55 22
56 22
57 22
65 22
66 22
67 22
68 22
69 22
70 22
71 22
72 22
73 22
74 22
75 22
76 22
77 22
78 22
79 234
80 22
81 22
82 22
83 22
84 22
85 22
86 22
87 22
88 22
89 22
90 22
95 22
111 235
48 22
49 22
50 22
51 22
52 22
53 22
54 22
55 22
56 22
57 22
65 236
66 22
67 22
68 22
69 22
70 22
71 22
72 22
73 22
74 22
75 22
76 22
77 22
78 22
79 22
80 22
81 22
82 22
83 22
84 22
85 22
86 22
87 22
88 22
89 22
90 22
95 22
97 237
79 235
111 235
65 237
97 237
48 22
49 22
50 22
51 22
52 22
53 22
54 22
55 22
56 22
57 22
65 22
66 22
67 22
68 22
69 22
70 22
71 22
72 22
73 22
74 22
75 22
76 22
77 22
78 22
79 22
80 238
81 22
82 22
83 22
84 22
85 22
86 22
87 22
88 22
89 22
90 22
95 22
112 239
48 22
49 22
50 22
51 22
52 22
53 22
54 22
55 22
56 22
57 22
65 22
66 22
67 22
68 22
69 22
70 22
71 22
72 22
73 22
74 22
75 22
76 240
77 22
78 22
79 22
80 22
81 22
82 22
83 22
84 22
85 22
86 22
87 22
88 22
89 22
90 22
95 22
108 241
48 22
49 22
50 22
51 22
52 22
53 22
54 22
55 22
56 22
57 22
65 22
66 22
67 22
68 22
69 242
70 22
71 22
72 22
73 22
74 22
75 22
76 22
77 22
78 22
79 22
80 22
81 22
82 22
83 22
84 22
85 22
86 22
87 22
88 22
89 22
90 22
95 22
101 243
80 239
112 239
76 241
108 241
69 243
101 243
48 22
49 22
50 22
51 22
52 22
53 22
54 22
55 22
56 22
57 22
65 22
66 22
67 22
68 22
69 22
70 22
71 22
72 22
73 22
74 22
75 22
76 22
77 22
78 22
79 244
80 22
81 22
82 22
83 22
84 22
85 22
86 22
87 22
88 22
89 22
90 22
95 22
111 245
79 245
111 245
48 22
49 22
50 22
51 22
52 22
53 22
54 22
55 22
56 22
57 22
65 22
66 22
67 22
68 22
69 22
70 22
71 22
72 22
73 22
74 22
75 22
76 22
77 22
78 22
79 22
80 22
81 22
82 22
83 22
84 22
85 22
86 22
87 22
88 22
89 22
90 22
95 22
48 22
49 22
50 22
51 22
52 22
53 22
54 22
55 22
56 22
57 22
65 22
66 22
67 22
68 22
69 22
70 22
71 22
72 22
73 246
74 22
75 22
76 22
77 22
78 22
79 22
80 22
81 22
82 22
83 22
84 22
85 22
86 22
87 22
88 22
89 22
90 22
95 22
105 247
73 247
105 247
48 22
49 22
50 22
51 22
52 22
53 22
54 22
55 22
56 22
57 22
65 248
66 22
67 22
68 22
69 22
70 22
71 22
72 22
73 22
74 22
75 22
76 22
77 22
78 22
79 22
80 22
81 22
82 22
83 22
84 22
85 22
86 22
87 22
88 22
89 22
90 22
95 22
97 249
65 249
97 249
48 22
49 22
50 22
51 22
52 22
53 22
54 22
55 22
56 22
57 22
65 22
66 22
67 250
68 22
69 22
70 22
71 22
72 22
73 22
74 22
75 22
76 22
77 22
78 22
79 22
80 22
81 22
82 22
83 22
84 22
85 22
86 22
87 22
88 22
89 22
90 22
95 22
99 251
67 251
99 251
48 22
49 22
50 22
51 22
52 22
53 22
54 22
55 22
56 22
57 22
65 22
66 22
67 22
68 22
69 22
70 22
71 22
72 22
73 22
74 22
75 22
76 22
77 22
78 22
79 22
80 22
81 22
82 22
83 22
84 22
85 22
86 22
87 22
88 22
89 22
90 22
95 22
48 22
49 22
50 22
51 22
52 22
53 22
54 22
55 22
56 22
57 22
65 22
66 22
67 22
68 22
69 22
70 22
71 22
72 22
73 22
74 22
75 22
76 22
77 22
78 22
79 22
80 22
81 22
82 22
83 22
84 22
85 22
86 22
87 22
88 22
89 22
90 22
95 22
48 22
49 22
50 22
51 22
52 22
53 22
54 22
55 22
56 22
57 22
65 22
66 22
67 22
68 22
69 22
70 22
71 22
72 22
73 22
74 22
75 22
76 22
77 22
78 22
79 22
80 22
81 22
82 22
83 22
84 22
85 22
86 22
87 22
88 22
89 22
90 22
95 22
48 22
49 22
50 22
51 22
52 22
53 22
54 22
55 22
56 22
57 22
65 22
66 22
67 22
68 22
69 22
70 22
71 22
72 22
73 22
74 22
75 22
76 22
77 22
78 22
79 22
80 22
81 22
82 252
83 22
84 22
85 22
86 22
87 22
88 22
89 22
90 22
95 22
114 253
82 253
114 253
48 22
49 22
50 22
51 22
52 22
53 22
54 22
55 22
56 22
57 22
65 22
66 22
67 22
68 22
69 22
70 22
71 22
72 22
73 22
74 22
75 22
76 22
77 22
78 22
79 254
80 22
81 22
82 22
83 22
84 22
85 22
86 22
87 22
88 22
89 22
90 22
95 22
111 255
79 255
111 255
48 22
49 22
50 22
51 22
52 22
53 22
54 22
55 22
56 22
57 22
65 22
66 22
67 22
68 22
69 22
70 22
71 22
72 22
73 22
74 22
75 22
76 22
77 22
78 22
79 256
80 22
81 22
82 22
83 22
84 22
85 22
86 22
87 22
88 22
89 22
90 22
95 22
111 257
79 257
111 257
48 22
49 22
50 22
51 22
52 22
53 22
54 22
55 22
56 22
57 22
65 22
66 22
67 22
68 22
69 22
70 22
71 22
72 22
73 22
74 22
75 22
76 22
77 22
78 22
79 258
80 22
81 22
82 22
83 22
84 22
85 22
86 22
87 22
88 22
89 22
90 22
95 22
111 259
79 259
111 259
48 22
49 22
50 22
51 22
52 22
53 22
54 22
55 22
56 22
57 22
65 260
66 22
67 22
68 22
69 22
70 22
71 22
72 22
73 22
74 22
75 22
76 22
77 22
78 22
79 22
80 22
81 22
82 22
83 22
84 22
85 22
86 22
87 22
88 22
89 22
90 22
95 22
97 261
65 261
97 261
9 220
10 220
13 220
32 220
42 262
9 167
10 220
13 220
32 167
33 167
34 167
35 167
36 167
37 167
38 167
39 167
40 167
41 167
42 221
43 167
44 167
45 167
46 167
47 222
48 167
49 167
50 167
51 167
52 167
53 167
54 167
55 167
56 167
57 167
58 167
59 167
60 167
61 167
62 167
63 167
64 167
65 167
66 167
67 167
68 167
69 167
70 167
71 167
72 167
73 167
74 167
75 167
76 167
77 167
78 167
79 167
80 167
81 167
82 167
83 167
84 167
85 167
86 167
87 167
88 167
89 167
90 167
91 167
92 167
93 167
94 167
95 167
96 167
97 167
98 167
99 167
100 167
101 167
102 167
103 167
104 167
105 167
106 167
107 167
108 167
109 167
110 167
111 167
112 167
113 167
114 167
115 167
116 167
117 167
118 167
119 167
120 167
121 167
122 167
123 167
124 167
125 167
126 167
161 167
162 167
163 167
164 167
165 167
166 167
167 167
168 167
169 167
170 167
171 167
172 167
173 167
174 167
175 167
176 167
177 167
178 167
179 167
180 167
181 167
182 167
183 167
184 167
185 167
186 167
187 167
188 167
189 167
190 167
191 167
192 167
193 167
194 167
195 167
196 167
197 167
198 167
199 167
200 167
201 167
202 167
203 167
204 167
205 167
206 167
207 167
208 167
209 167
210 167
211 167
212 167
213 167
214 167
215 167
216 167
217 167
218 167
219 167
220 167
221 167
222 167
223 167
224 167
225 167
226 167
227 167
228 167
229 167
230 167
231 167
232 167
233 167
234 167
235 167
236 167
237 167
238 167
239 167
240 167
241 167
242 167
243 167
244 167
245 167
246 167
247 167
248 167
249 167
250 167
251 167
252 167
253 167
254 167
255 167
9 167
10 220
13 220
32 167
33 167
34 167
35 167
36 167
37 167
38 167
39 167
40 167
41 167
42 221
43 167
44 167
45 167
46 167
47 167
48 167
49 167
50 167
51 167
52 167
53 167
54 167
55 167
56 167
57 167
58 167
59 167
60 167
61 167
62 167
63 167
64 167
65 167
66 167
67 167
68 167
69 167
70 167
71 167
72 167
73 167
74 167
75 167
76 167
77 167
78 167
79 167
80 167
81 167
82 167
83 167
84 167
85 167
86 167
87 167
88 167
89 167
90 167
91 167
92 167
93 167
94 167
95 167
96 167
97 167
98 167
99 167
100 167
101 167
102 167
103 167
104 167
105 167
106 167
107 167
108 167
109 167
110 167
111 167
112 167
113 167
114 167
115 167
116 167
117 167
118 167
119 167
120 167
121 167
122 167
123 167
124 167
125 167
126 167
161 167
162 167
163 167
164 167
165 167
166 167
167 167
168 167
169 167
170 167
171 167
172 167
173 167
174 167
175 167
176 167
177 167
178 167
179 167
180 167
181 167
182 167
183 167
184 167
185 167
186 167
187 167
188 167
189 167
190 167
191 167
192 167
193 167
194 167
195 167
196 167
197 167
198 167
199 167
200 167
201 167
202 167
203 167
204 167
205 167
206 167
207 167
208 167
209 167
210 167
211 167
212 167
213 167
214 167
215 167
216 167
217 167
218 167
219 167
220 167
221 167
222 167
223 167
224 167
225 167
226 167
227 167
228 167
229 167
230 167
231 167
232 167
233 167
234 167
235 167
236 167
237 167
238 167
239 167
240 167
241 167
242 167
243 167
244 167
245 167
246 167
247 167
248 167
249 167
250 167
251 167
252 167
253 167
254 167
255 167
9 169
10 169
13 169
32 169
42 223
47 263
48 22
49 22
50 22
51 22
52 22
53 22
54 22
55 22
56 22
57 22
65 22
66 22
67 22
68 22
69 22
70 22
71 22
72 22
73 264
74 22
75 22
76 22
77 22
78 22
79 22
80 22
81 22
82 22
83 22
84 22
85 22
86 22
87 22
88 22
89 22
90 22
95 22
105 265
73 265
105 265
48 22
49 22
50 22
51 22
52 22
53 22
54 22
55 22
56 22
57 22
65 266
66 22
67 22
68 22
69 22
70 22
71 22
72 22
73 22
74 22
75 22
76 22
77 22
78 22
79 22
80 22
81 22
82 22
83 22
84 22
85 22
86 22
87 22
88 22
89 22
90 22
95 22
97 267
65 267
97 267
48 22
49 22
50 22
51 22
52 22
53 22
54 22
55 22
56 22
57 22
65 268
66 22
67 22
68 22
69 22
70 22
71 22
72 22
73 22
74 22
75 22
76 22
77 22
78 22
79 22
80 22
81 22
82 22
83 22
84 22
85 22
86 22
87 22
88 22
89 22
90 22
95 22
97 269
65 269
97 269
48 22
49 22
50 22
51 22
52 22
53 22
54 22
55 22
56 22
57 22
65 270
66 22
67 22
68 22
69 22
70 22
71 22
72 22
73 22
74 22
75 22
76 22
77 22
78 22
79 22
80 22
81 22
82 22
83 22
84 22
85 22
86 22
87 22
88 22
89 22
90 22
95 22
97 271
65 271
97 271
48 22
49 22
50 22
51 22
52 22
53 22
54 22
55 22
56 22
57 22
65 22
66 22
67 22
68 22
69 22
70 22
71 22
72 22
73 22
74 22
75 22
76 22
77 22
78 272
79 22
80 22
81 22
82 22
83 22
84 22
85 22
86 22
87 22
88 22
89 22
90 22
95 22
110 273
78 273
110 273
48 22
49 22
50 22
51 22
52 22
53 22
54 22
55 22
56 22
57 22
65 22
66 22
67 22
68 22
69 22
70 22
71 22
72 22
73 22
74 22
75 22
76 22
77 22
78 22
79 22
80 22
81 22
82 22
83 22
84 22
85 22
86 22
87 22
88 22
89 22
90 22
95 22
48 22
49 22
50 22
51 22
52 22
53 22
54 22
55 22
56 22
57 22
65 22
66 22
67 22
68 274
69 22
70 22
71 22
72 22
73 22
74 22
75 22
76 22
77 22
78 22
79 22
80 22
81 22
82 22
83 22
84 22
85 22
86 22
87 22
88 22
89 22
90 22
95 22
100 275
68 275
100 275
48 22
49 22
50 22
51 22
52 22
53 22
54 22
55 22
56 22
57 22
65 276
66 22
67 22
68 22
69 22
70 22
71 22
72 22
73 22
74 22
75 22
76 22
77 22
78 22
79 22
80 22
81 22
82 22
83 22
84 22
85 22
86 22
87 22
88 22
89 22
90 22
95 22
97 277
65 277
97 277
48 22
49 22
50 22
51 22
52 22
53 22
54 22
55 22
56 22
57 22
65 22
66 22
67 22
68 22
69 22
70 22
71 22
72 278
73 22
74 22
75 22
76 22
77 22
78 22
79 22
80 22
81 22
82 22
83 22
84 22
85 22
86 22
87 22
88 22
89 22
90 22
95 22
104 279
72 279
104 279
48 22
49 22
50 22
51 22
52 22
53 22
54 22
55 22
56 22
57 22
65 22
66 22
67 22
68 22
69 22
70 22
71 22
72 22
73 22
74 22
75 22
76 22
77 22
78 22
79 22
80 22
81 22
82 22
83 22
84 22
85 22
86 280
87 22
88 22
89 22
90 22
95 22
118 281
86 281
118 281
48 22
49 22
50 22
51 22
52 22
53 22
54 22
55 22
56 22
57 22
65 22
66 22
67 22
68 22
69 22
70 22
71 22
72 22
73 22
74 22
75 22
76 22
77 22
78 22
79 22
80 22
81 22
82 22
83 22
84 22
85 22
86 22
87 22
88 22
89 22
90 22
95 22
48 22
49 22
50 22
51 22
52 22
53 22
54 22
55 22
56 22
57 22
65 22
66 22
67 22
68 22
69 22
70 22
71 22
72 22
73 22
74 22
75 22
76 22
77 22
78 22
79 22
80 22
81 22
82 282
83 22
84 22
85 22
86 22
87 22
88 22
89 22
90 22
95 22
114 283
82 283
114 283
48 22
49 22
50 22
51 22
52 22
53 22
54 22
55 22
56 22
57 22
65 22
66 22
67 22
68 22
69 22
70 22
71 22
72 22
73 22
74 22
75 22
76 22
77 22
78 22
79 22
80 22
81 22
82 22
83 22
84 22
85 22
86 22
87 22
88 22
89 22
90 22
95 22
48 22
49 22
50 22
51 22
52 22
53 22
54 22
55 22
56 22
57 22
65 22
66 22
67 22
68 22
69 22
70 22
71 22
72 22
73 22
74 22
75 22
76 22
77 22
78 22
79 284
80 22
81 22
82 22
83 22
84 22
85 22
86 22
87 22
88 22
89 22
90 22
95 22
111 285
79 285
111 285
48 22
49 22
50 22
51 22
52 22
53 22
54 22
55 22
56 22
57 22
65 22
66 22
67 22
68 22
69 22
70 22
71 22
72 22
73 22
74 22
75 22
76 22
77 22
78 286
79 22
80 22
81 22
82 22
83 22
84 22
85 22
86 22
87 22
88 22
89 22
90 22
95 22
110 287
78 287
110 287
48 22
49 22
50 22
51 22
52 22
53 22
54 22
55 22
56 22
57 22
65 22
66 22
67 22
68 22
69 22
70 22
71 22
72 22
73 22
74 22
75 22
76 22
77 22
78 22
79 22
80 22
81 22
82 22
83 22
84 22
85 22
86 22
87 22
88 22
89 22
90 22
95 22
48 22
49 22
50 22
51 22
52 22
53 22
54 22
55 22
56 22
57 22
65 22
66 22
67 22
68 22
69 22
70 22
71 22
72 22
73 22
74 22
75 22
76 22
77 22
78 22
79 22
80 22
81 22
82 22
83 22
84 22
85 22
86 22
87 22
88 22
89 22
90 22
95 22
48 22
49 22
50 22
51 22
52 22
53 22
54 22
55 22
56 22
57 22
65 22
66 22
67 22
68 22
69 22
70 22
71 22
72 22
73 22
74 22
75 22
76 22
77 22
78 22
79 22
80 22
81 22
82 22
83 22
84 22
85 22
86 22
87 22
88 22
89 22
90 22
95 22
48 22
49 22
50 22
51 22
52 22
53 22
54 22
55 22
56 22
57 22
65 22
66 22
67 22
68 288
69 22
70 22
71 22
72 22
73 22
74 22
75 22
76 22
77 22
78 22
79 22
80 22
81 22
82 22
83 22
84 22
85 22
86 22
87 22
88 22
89 22
90 22
95 22
100 289
68 289
100 289
9 220
10 220
13 220
32 220
42 262
47 263
48 22
49 22
50 22
51 22
52 22
53 22
54 22
55 22
56 22
57 22
65 22
66 22
67 22
68 22
69 22
70 22
71 22
72 22
73 22
74 22
75 22
76 22
77 22
78 22
79 290
80 22
81 22
82 22
83 22
84 22
85 22
86 22
87 22
88 22
89 22
90 22
95 22
111 291
79 291
111 291
48 22
49 22
50 22
51 22
52 22
53 22
54 22
55 22
56 22
57 22
65 22
66 22
67 22
68 22
69 22
70 22
71 22
72 22
73 22
74 22
75 22
76 22
77 22
78 292
79 22
80 22
81 22
82 22
83 22
84 22
85 22
86 22
87 22
88 22
89 22
90 22
95 22
110 293
78 293
110 293
48 22
49 22
50 22
51 22
52 22
53 22
54 22
55 22
56 22
57 22
65 22
66 22
67 22
68 22
69 22
70 22
71 22
72 22
73 22
74 22
75 22
76 294
77 22
78 22
79 22
80 22
81 22
82 22
83 22
84 22
85 22
86 22
87 22
88 22
89 22
90 22
95 22
108 295
76 295
108 295
48 22
49 22
50 22
51 22
52 22
53 22
54 22
55 22
56 22
57 22
65 22
66 22
67 22
68 22
69 22
70 22
71 22
72 22
73 22
74 22
75 22
76 22
77 22
78 22
79 22
80 22
81 22
82 296
83 22
84 22
85 22
86 22
87 22
88 22
89 22
90 22
95 22
114 297
82 297
114 297
48 22
49 22
50 22
51 22
52 22
53 22
54 22
55 22
56 22
57 22
65 22
66 22
67 22
68 22
69 22
70 22
71 22
72 22
73 22
74 22
75 22
76 22
77 22
78 22
79 22
80 22
81 22
82 22
83 22
84 298
85 22
86 22
87 22
88 22
89 22
90 22
95 22
116 299
84 299
116 299
48 22
49 22
50 22
51 22
52 22
53 22
54 22
55 22
56 22
57 22
65 300
66 22
67 22
68 22
69 22
70 22
71 22
72 22
73 22
74 22
75 22
76 22
77 22
78 22
79 22
80 22
81 22
82 22
83 22
84 22
85 22
86 22
87 22
88 22
89 22
90 22
95 22
97 301
65 301
97 301
48 22
49 22
50 22
51 22
52 22
53 22
54 22
55 22
56 22
57 22
65 22
66 22
67 22
68 22
69 22
70 22
71 22
72 22
73 22
74 22
75 22
76 22
77 22
78 22
79 22
80 22
81 22
82 22
83 22
84 22
85 22
86 22
87 22
88 22
89 22
90 22
95 22
48 22
49 22
50 22
51 22
52 22
53 22
54 22
55 22
56 22
57 22
65 302
66 22
67 22
68 22
69 22
70 22
71 22
72 22
73 22
74 22
75 22
76 22
77 22
78 22
79 22
80 22
81 22
82 22
83 22
84 22
85 22
86 22
87 22
88 22
89 22
90 22
95 22
97 303
65 303
97 303
48 22
49 22
50 22
51 22
52 22
53 22
54 22
55 22
56 22
57 22
65 304
66 22
67 22
68 22
69 22
70 22
71 22
72 22
73 22
74 22
75 22
76 22
77 22
78 22
79 22
80 22
81 22
82 22
83 22
84 22
85 22
86 22
87 22
88 22
89 22
90 22
95 22
97 305
65 305
97 305
48 22
49 22
50 22
51 22
52 22
53 22
54 22
55 22
56 22
57 22
65 22
66 22
67 22
68 22
69 22
70 22
71 22
72 22
73 22
74 22
75 22
76 22
77 22
78 22
79 306
80 22
81 22
82 22
83 22
84 22
85 22
86 22
87 22
88 22
89 22
90 22
95 22
111 307
79 307
111 307
48 22
49 22
50 22
51 22
52 22
53 22
54 22
55 22
56 22
57 22
65 22
66 22
67 22
68 22
69 22
70 22
71 22
72 22
73 22
74 22
75 22
76 22
77 22
78 22
79 22
80 22
81 22
82 22
83 22
84 22
85 22
86 22
87 22
88 22
89 22
90 22
95 22
48 22
49 22
50 22
51 22
52 22
53 22
54 22
55 22
56 22
57 22
65 308
66 22
67 22
68 22
69 22
70 22
71 22
72 22
73 22
74 22
75 22
76 22
77 22
78 22
79 22
80 22
81 22
82 22
83 22
84 22
85 22
86 22
87 22
88 22
89 22
90 22
95 22
97 309
65 309
97 309
48 22
49 22
50 22
51 22
52 22
53 22
54 22
55 22
56 22
57 22
65 22
66 22
67 22
68 22
69 310
70 22
71 22
72 22
73 22
74 22
75 22
76 22
77 22
78 22
79 22
80 22
81 22
82 22
83 22
84 22
85 22
86 22
87 22
88 22
89 22
90 22
95 22
101 311
69 311
101 311
48 22
49 22
50 22
51 22
52 22
53 22
54 22
55 22
56 22
57 22
65 22
66 22
67 22
68 22
69 22
70 22
71 22
72 22
73 22
74 22
75 22
76 22
77 22
78 22
79 22
80 22
81 22
82 22
83 22
84 22
85 22
86 22
87 22
88 22
89 22
90 22
95 22
48 22
49 22
50 22
51 22
52 22
53 22
54 22
55 22
56 22
57 22
65 22
66 22
67 22
68 22
69 22
70 22
71 22
72 22
73 22
74 22
75 22
76 22
77 22
78 22
79 22
80 22
81 22
82 22
83 22
84 312
85 22
86 22
87 22
88 22
89 22
90 22
95 22
116 313
84 313
116 313
48 22
49 22
50 22
51 22
52 22
53 22
54 22
55 22
56 22
57 22
65 22
66 22
67 22
68 22
69 22
70 22
71 22
72 22
73 22
74 22
75 22
76 22
77 22
78 22
79 22
80 22
81 22
82 22
83 22
84 22
85 22
86 22
87 22
88 22
89 22
90 22
95 22
48 22
49 22
50 22
51 22
52 22
53 22
54 22
55 22
56 22
57 22
65 22
66 22
67 22
68 22
69 22
70 22
71 22
72 22
73 22
74 22
75 22
76 22
77 22
78 22
79 22
80 22
81 22
82 22
83 22
84 22
85 22
86 22
87 22
88 22
89 22
90 22
95 22
48 22
49 22
50 22
51 22
52 22
53 22
54 22
55 22
56 22
57 22
65 22
66 22
67 22
68 22
69 22
70 22
71 22
72 22
73 22
74 22
75 22
76 22
77 22
78 22
79 314
80 22
81 22
82 22
83 22
84 22
85 22
86 22
87 22
88 22
89 22
90 22
95 22
111 315
79 315
111 315
48 22
49 22
50 22
51 22
52 22
53 22
54 22
55 22
56 22
57 22
65 22
66 22
67 22
68 22
69 22
70 22
71 22
72 22
73 22
74 22
75 22
76 22
77 22
78 22
79 22
80 22
81 22
82 22
83 22
84 22
85 22
86 22
87 22
88 22
89 22
90 22
95 22
48 22
49 22
50 22
51 22
52 22
53 22
54 22
55 22
56 22
57 22
65 22
66 22
67 22
68 22
69 22
70 22
71 22
72 22
73 22
74 22
75 22
76 22
77 22
78 22
79 22
80 22
81 22
82 22
83 22
84 22
85 22
86 22
87 22
88 22
89 22
90 22
95 22
48 22
49 22
50 22
51 22
52 22
53 22
54 22
55 22
56 22
57 22
65 22
66 22
67 22
68 22
69 22
70 22
71 22
72 22
73 22
74 22
75 22
76 22
77 22
78 22
79 22
80 22
81 22
82 22
83 22
84 22
85 22
86 22
87 22
88 22
89 22
90 22
95 22
48 22
49 22
50 22
51 22
52 22
53 22
54 22
55 22
56 22
57 22
65 22
66 22
67 22
68 22
69 22
70 22
71 22
72 22
73 22
74 22
75 22
76 22
77 22
78 22
79 22
80 22
81 22
82 22
83 22
84 22
85 22
86 22
87 22
88 22
89 22
90 22
95 22
48 22
49 22
50 22
51 22
52 22
53 22
54 22
55 22
56 22
57 22
65 22
66 22
67 22
68 22
69 22
70 22
71 22
72 22
73 22
74 22
75 22
76 22
77 22
78 22
79 22
80 22
81 22
82 22
83 22
84 22
85 22
86 22
87 22
88 22
89 22
90 22
95 22
48 22
49 22
50 22
51 22
52 22
53 22
54 22
55 22
56 22
57 22
65 22
66 22
67 22
68 22
69 22
70 22
71 22
72 22
73 316
74 22
75 22
76 22
77 22
78 22
79 22
80 22
81 22
82 22
83 22
84 22
85 22
86 22
87 22
88 22
89 22
90 22
95 22
105 317
73 317
105 317
48 22
49 22
50 22
51 22
52 22
53 22
54 22
55 22
56 22
57 22
65 22
66 22
67 22
68 22
69 318
70 22
71 22
72 22
73 22
74 22
75 22
76 22
77 22
78 22
79 22
80 22
81 22
82 22
83 22
84 22
85 22
86 22
87 22
88 22
89 22
90 22
95 22
101 319
69 319
101 319
48 22
49 22
50 22
51 22
52 22
53 22
54 22
55 22
56 22
57 22
65 22
66 22
67 22
68 22
69 22
70 22
71 22
72 22
73 22
74 22
75 22
76 22
77 22
78 22
79 22
80 22
81 22
82 22
83 22
84 22
85 22
86 22
87 22
88 22
89 22
90 22
95 22
48 22
49 22
50 22
51 22
52 22
53 22
54 22
55 22
56 22
57 22
65 22
66 22
67 22
68 22
69 22
70 22
71 22
72 22
73 22
74 22
75 22
76 22
77 22
78 22
79 22
80 22
81 22
82 320
83 22
84 22
85 22
86 22
87 22
88 22
89 22
90 22
95 22
114 321
82 321
114 321
48 22
49 22
50 22
51 22
52 22
53 22
54 22
55 22
56 22
57 22
65 22
66 22
67 22
68 22
69 22
70 22
71 22
72 22
73 22
74 22
75 22
76 22
77 22
78 22
79 22
80 22
81 22
82 22
83 22
84 22
85 22
86 22
87 22
88 22
89 22
90 22
95 22
48 22
49 22
50 22
51 22
52 22
53 22
54 22
55 22
56 22
57 22
65 22
66 22
67 22
68 22
69 22
70 22
71 22
72 22
73 22
74 22
75 22
76 22
77 22
78 22
79 322
80 22
81 22
82 22
83 22
84 22
85 22
86 22
87 22
88 22
89 22
90 22
95 22
111 323
79 323
111 323
48 22
49 22
50 22
51 22
52 22
53 22
54 22
55 22
56 22
57 22
65 22
66 22
67 22
68 22
69 22
70 22
71 22
72 22
73 22
74 22
75 22
76 22
77 22
78 22
79 22
80 22
81 22
82 22
83 22
84 22
85 22
86 22
87 22
88 22
89 22
90 22
95 22